552018020
414718775
817937600
803694876
928492487
831622949
750399875
916521099
397651506
538081860
993933530
785351370
894726645
382880276
903090827
931461032
479159261
304764863
392992632
783797343
312195993
379029952
410615900
349786897
451213946
313151292
503233421
988085239
808039259
739806230
828428557
852574649
919002394
492381181
895157717
884152711
410970503
432317980
401477013
948486055
492078837
501292916
438129777
412668543
712046994
823003363
910490812
514004712
394786099
456200336
882613482
812870434
450148358
788428902
330840943
508005584
389160441
501425805
493525869
523059715
775618945
706580149
907506943
509243564
833646904
979123791
691090534
951876226
851173260
879343895
343863460
410554752
450116181
302003603
786443150
329597330
385369418
938020674
964201123
348528688
552010969
320671233
477641351
401867692
381832336
054800958
793106006
338056930
523354009
572029106
308972181
334129665
325567832
978901320
351629498
402267165
840989149
451309082
450676663
438530842
342016524
404008989
518047014
410882732
337849616
511167983
505089417
647150580
431943620
553750407
524748555
819495904
387968464
479785073
086880069
329764302
802464578
432671881
413424714
348997164
343953451
511781718
478282221
327193249
752655860
811979459
334668852
324118397
921531398
949515696
478231434
989242334
818502213
789829686
752857409
606720209
343510996
532965126
879906956
901238097
421106709
572051571
789205929
532644887
751323494
483328076
903833358
508369170
808529184
979342623
812607216
519585137
485372452
572195337
989228671
408772101
788158285
418255121
850416595
423154673
830090668
400303699
978256584
799721444
309540433
808002158
951002757
838015584
301762274
879226769
403119688
408789279
324432186
331816538
418923090
388381642
994538981
980881460
380484766
349666222
312574346
979051943
326784709
340500479
912892924
929709046
481125896
803638287
306015306
791302136
419683818
434455960
310497482
888573896
884690710
891541054
513316976
912189891
421982745
305635583
649200086
490752805
381499151
807633714
484922778
423739903
380794511
904878964
825161144
578204315
504228230
303663462
306844622
451196174
520509431
990124539
889738100
411124852
444610976
400948246
332566405
892811233
804911592
312562515
681980041
383578432
522668706
951867761
775661390
304189004
481075703
900606146
514815422
434963880
921197802
989645601
319861704
709806624
507977791
422081653
899372155
882370620
533066833
402467120
500466859
504330754
696520410
433386687
929166437
912871951
933158693
542097944
480862465
785941089
878143601
618501050
428285506
453630055
306866310
523106722
938794088
911146447
938870557
945097236
978175941
300299765
491166971
753944644
950905125
300218468
309214641
381109446
424474609
332539352
440948578
890726334
451278634
944516210
390425197
335480414
495020752
851605725
582026282
979218252
868800483
533035036
954068011
499207421
517865465
798782678
332908854
483814463
338297229
311508089
421022997
899353130
432026995
511291163
408122224
320367147
500138706
389557208
989630215
853221646
562033068
508802386
325880888
940409063
844494203
397914862
533248431
572231066
751569419
819632027
313337099
509395109
348940206
913161535
401254370
320722143
326784568
391543576
321008013
848778361
882146509
817404700
819698275
345122881
529641862
900053992
310269378
977492123
402673560
479286122
539527556
397555327
844188268
398110445
953425964
832995302
352926398
999582570
831210216
353941586
933192502
819468240
347448532
328634043
915349112
989036025
839605474
697080273
377604905
479910655
775705601
985102904
397963844
432860021
329681340
750366023
393918743
344658117
981565906
951581669
499661437
440123487
400894424
752289298
309966166
309073344
423244102
517701454
789139789
668502966
424413367
421195298
775663453
333263846
315256222
902497353
752992297
519780795
580802551
344026075
411276017
319438321
309257418
908554603
812673887
404303489
901183285
433754405
492408448
847728110
498391184
828897397
403401854
302304068
949079230
334192903
498926625
408964047
393727797
343120994
819062175
949530752
424568459
533910931
538783309
841619307
447927641
351914379
349592428
312910557
488298373
391078581
451677926
981297161
378517148
441065372
505367573
942442278
492538046
949447890
833950850
949286314
466500683
414715177
304429822
990053092
522314145
838186302
451647903
334382298
491063988
557350196
343080594
514248426
712045863
839133832
890057623
788213882
843412453
562039560
337515936
327280319
533450201
494060726
993665702
833738966
507633345
433842044
505238626
318571064
852013770
513102061
821208329
347684102
333202083
955510029
339105553
323923110
949861157
838313252
479514093
929779999
388312696
837577824
352050405
802952978
480489251
477523443
490422326
414350496
503447948
582621322
518078407
572149169
438911927
819342387
572067684
572093243
480088749
848048377
798751962
056502248
773200944
329912661
828913848
331321760
494150295
829940717
391681616
500487095
542044656
395009145
884642950
341005593
889601126
478721707
831797568
319467320
927616102
437570922
534688270
334240033
342842309
434542379
888732682
343269130
833457211
701930034
675780167
981002512
327127247
438183170
952708139
838686178
439820028
917985921
978789931
818528911
785620725
481863397
882736077
832407704
504250705
991080458
978179588
948902903
819731589
378362727
399315613
498616895
322045683
942786302
302494224
477180186
315293191
562102558
821448149
907675128
449955723
410253967
480025485
450409073
712950278
987887213
451341465
418088449
381485838
900281288
771800810
900899493
383197472
448694133
775662257
920041977
398264614
903045136
775629058
941493058
352847883
538811837
479807141
316523273
393923982
722041670
317031813
882808587
911459022
349797357
488761602
410249734
964201859
505393942
808508147
440283752
434004198
890726342
428703565
343804274
301986154
910919364
952370112
309599165
830579637
797542610
055805865
775735020
420482515
562050856
753860634
359800679
407774686
844334086
922191416
072501844
394354641
794503169
990133514
984568949
378702674
309635043
546950718
844548677
521708305
850898461
901334649
940311343
514073196
504226614
912237690
431967447
410561971
803769827
538832403
329035406
992254375
542044375
811934058
324787480
806220216
517688180
344083019
329737555
987359262
388696569
409586088
347631152
911254639
349773697
842193690
442084539
751108002
421925918
922679626
418686739
922516448
558503769
481309227
984374421
526920194
451950943
979278389
381054618
392812293
751806936
901950774
302457460
749820064
400149092
528599384
411394893
499389146
883029464
918842956
612035832
324179845
907591895
480980457
494515570
509866984
921666715
379504277
421577495
306486408
493856942
400715934
622058410
429169832
489597302
447020447
939738142
300484367
309674091
895167898
431951425
388920191
480393164
323036921
891535924
855200507
833548431
765200811
695480244
801172545
320660970
351962964
403168628
852249390
846950053
382906246
302162623
880879168
341662112
900061342
415164359
656980729
929512549
799195193
419513262
817827991
982531600
483602322
612045112
572097962
440694321
904194453
824606891
421206079
434317293
837810175
076120021
437938947
444986848
514401678
419477260
775586852
442340154
722880580
931378327
379134166
888536083
490209731
534042833
338107220
383527330
377601869
319527784
532938305
498197367
505377903
528969504
552117590
831359500
902929181
815267257
324896091
946750940
320661143
919434894
930166350
332174945
534687306
909070708
382915882
822150785
581921012
444404974
618500193
501585780
941911562
524493467
328400023
522758028
513840801
480021104
330488339
332899731
928908136
794163683
979026895
334872934
832174429
419555875
420634115
841978935
792507113
300300290
947844197
445097488
429608268
337891287
534192075
016650996
303765630
424805471
834291031
988936894
390039949
401837554
612030767
808510895
390319572
911563724
622037505
339445868
812138048
542078555
528648892
353238520
542020862
335278529
884965823
823978457
533419784
301374690
521165654
393291042
563820489
790967517
885480293
842908584
300965225
490842440
851836684
424942209
949374136
379622160
831728977
325844462
592067136
751796210
387829922
878181189
307615757
344037213
989748678
429847411
794362400
922194030
428625032
337587422
406720078
954801999
485125967
329094528
310327606
482735156
964201438
899172498
449926302
508332244
619200850
394176630
800117822
881867725
411350481
303773923
309066876
399227636
980505028
391691128
779463223
494352602
382521813
497490466
533868170
350532537
412552390
924760366
384436457
899839492
929799906
310083589
738800291
933343931
759201106
316562347
394473912
318289634
542030812
510518574
342817947
304577661
929284834
493439905
309445237
429216310
977710995
506350107
906080148
517575965
843623562
334534039
410141170
312694391
786920306
387280092
984045997
953093085
843497033
437181076
314360041
488000969
350205134
452214711
531017671
888413366
838655405
479693129
301763405
331888990
318354818
885314799
478566250
501769665
837568575
804860997
883743619
347384570
793851072
482829660
821421328
971204052
931878821
401612080
812705952
303229504
429143845
399161413
451712616
799374962
397436767
932072184
983572231
990816662
349645671
802464453
433744539
952368405
389509373
523484889
918180449
794463687
344781919
722008232
446120438
920860574
542086616
948959663
749881934
913547147
753308238
954507521
891012932
503314767
508047859
475682480
775702673
307378489
449868827
310005574
450088885
444030902
422555722
909487340
300882032
383280757
314397720
424737138
788574853
838923324
919299198
913341780
506950211
438061483
980360960
395291644
750984668
979837671
879016913
888850484
869802546
829635820
318187887
900429853
850735887
812775138
434129938
344401575
891351314
712063759
070201132
884072257
480344910
437627110
344871496
462500844
805249174
307594325
522896505
455502377
403092968
908519713
452725211
977583038
821912359
308954189
348677196
027250323
352209399
932341845
978277572
879960102
849173141
445330236
326257847
382710630
943552562
305690158
798642161
449468693
533616918
414728337
803933779
952526945
352651673
534980925
322746611
853926905
328400692
518890769
428833776
381634336
894938356
951136597
316392224
494672389
304317357
343958138
924947286
312347362
312381114
529303786
952391308
399083583
484395629
425007564
308874965
932327992
319493953
302077565
422486530
314789215
408829604
449734631
327948626
839232972
934437831
842010407
841251705
810112474
987540044
821943040
945357622
637020819
660802737
490172376
840098677
470202995
904872249
900931387
388623977
676250111
401506571
892000282
952847820
951895820
805125127
450289202
812903177
419877444
306062944
382111540
480584135
467201802
407701895
928503069
533577490
547050542
810416438
978312668
949972707
848103321
539758854
425048279
980913057
798251559
785520180
441393964
331377036
348321415
425127362
982044703
920773017
377853536
481061802
552035826
483532941
330981416
512042748
905103438
308092857
383837473
341192227
529731622
453389660
916020282
692039688
962227351
321995367
407946037
843448275
481854115
894960384
323192260
497929737
814980124
349685099
914250113
709807275
800437410
751842774
793135997
993861350
556850378
428635056
970200044
941948515
480459726
913361853
431807486
828019489
612038430
300882115
402690002
797737244
913346391
513639054
798157947
994679066
854800422
302135413
824513287
400102349
311285068
339697138
420809923
530514157
333883924
507806693
947802443
915068167
330339144
391141140
482286424
484575022
332110097
478370489
929140234
808264154
798705612
839796679
899310510
835221797
511285967
309304616
440265734
433830015
941295115
945182871
383915295
333383404
979783776
529089526
342690344
980502108
952991354
393085279
899973002
808835615
527250021
953501517
752272484
982043838
492942453
532618253
415281401
383139458
918089343
699809174
880065537
912142411
303355671
428124978
542091186
788880136
424920635
377868393
810127092
509553459
401656723
434129888
380824243
829144161
818248635
500766324
303789127
883143331
348994211
882562937
498020833
448817858
349282772
513649343
940614894
417350311
928245398
502719883
332251875
327765004
341796027
349274407
493264527
993857846
314398264
814036539
480999754
328558242
844165316
450517099
422271411
797220068
832482160
444120257
342721107
887879369
410390967
484058664
533299731
307301135
609849153
383912003
902468743
312263742
562021097
692026818
325821072
841811128
528902042
502969462
933128183
330377532
685722126
718200611
903790319
722750023
947933255
410081640
321139131
818911117
831821525
848703930
695720821
333710275
533727111
525137089
443193271
414242933
840090120
401588074
438306037
529405813
520355298
893784629
503080319
450455407
807517792
518872031
489533711
508160637
326831179
928196286
938062221
394346555
480470152
791771223
988772398
350665022
350082632
322995242
849992896
912933298
394514756
305377251
821240405
419864400
323016022
483551784
788504629
965507684
830854030
845750165
775658859
939300117
389290586
